[[86.83623356639204, 80.87311241555449], [38.66165472993431, 85.57584414578866], [60.40560456928931, 8.948195480042056], [50.13242378098375, 38.76870747617429], [15.712497726765502, 26.876539346036097], [21.56078560687983, 97.0570248413936]]
[[80.60154939196157, 7.136167998285773], [76.91278652469887, 52.21115674065037], [68.16052324953668, 41.488516337302606], [32.27454273901647, 89.51255467540902]]
[[83.65652431888537, 88.20250924740621], [26.10983757722776, 92.48795060031159], [42.192619281553135, 53.886415611200924], [30.54338675316638, 46.66335526773179], [21.272477342593177, 84.96768102048948], [78.97488656974443, 55.83379879673881]]
[[70.56313320943909, 95.36006125611362], [93.0165394351195, 90.96877056988723]]
[[6.927053647038641, 35.00250901183983], [12.059548051698686, 50.5950401258773], [10.495746983228097, 51.09626202778522], [54.127848132575004, 18.018227014434757], [74.11467571207135, 92.41903740606834]]
[[4.486084960984759, 83.4422105925764], [74.78768709472853, 88.53347672016254]]
[[79.37004784922925, 37.2993573675575], [50.0442096452181, 94.50080571814766], [17.166690126678755, 61.72068741012771]]
[[56.58542139695045, 41.73753444846472], [90.73528107681538, 42.46109650213511], [21.76431974055302, 33.49714127001211], [53.21911581054094, 23.941255226182733], [23.488917142504835, 77.67405148652381]]
[[55.178529934732595, 7.309132947564828], [76.11022050168593, 23.050635446308345], [18.30359851364765, 61.58524910731117], [83.03717994033343, 52.54389626822461]]
[[16.81984189269869, 23.795564667576024], [80.47402786850225, 76.68101301191595]]
[[25.64699305061188, 50.70881956396484], [59.650587927058865, 26.917104101254207]]
[[69.55408353033808, 73.062105360501], [56.309248801124006, 97.80223973397668]]
[[70.08785648119728, 81.0734327393199], [51.51741085097961, 74.93518536660757], [65.11846924848463, 66.44646894886918], [98.42232354868628, 65.69298364048294]]
[[55.697433456748314, 13.1843273072725], [26.555423067160273, 31.772669889722653], [60.79350211789346, 72.20249127675505], [24.0496278847387, 54.30809108562901], [47.53216503459387, 41.00771853569978]]
[[95.8344686432657, 32.115553614614456], [49.08401062345522, 44.14934035038544], [24.554161886546506, 49.74841383727206]]
[[70.70591176397963, 18.559483479143097], [88.07276082129896, 36.99337545064095]]
[[95.62346757436846, 2.057540636417773], [27.128978266953634, 12.553840830799338], [57.69595478224733, 98.49130992921104], [45.28125523449523, 42.864301107549124]]
[[88.90116324137617, 87.28012330969358], [61.242127469636976, 4.059367940221678], [44.0681483674576, 91.26748937737013]]
[[2.32864100186368, 53.59329811285218], [50.598264500530284, 45.26522350367338], [58.73964141272949, 82.52157119889672], [44.99909297257842, 78.52252806389916]]
[[40.207615303505754, 61.222829107180544], [86.01338063868839, 42.58315145340828], [9.379202716786843, 99.5464094461968]]
[[79.64922707178397, 85.08633384300981], [27.60445801536557, 21.343945506306873], [81.55891154185444, 53.39163857208677]]
[[27.124480289408293, 90.92434403455415], [69.95745203787897, 49.870842029871284], [34.17578969183841, 10.474189134877472], [12.464489029400207, 2.474480467037723]]
[[38.71067315115103, 86.16769968251532], [96.43275291914665, 33.06851039284998], [2.0067383636518557, 91.777484084823], [17.95106798274455, 34.07709225438588]]
[[32.618194521921296, 81.57324127395279], [90.49084466377087, 32.764498705325465], [25.107597181317825, 66.84149252803263], [95.62726108734606, 67.16549268755185]]
[[70.2572565054606, 82.01854128632606], [15.312369194088516, 96.10080819890597], [37.93977081204663, 33.95779630420264], [9.022937122722794, 87.58741747654767], [97.85608689380881, 10.699122513879615]]
[[1.8701385304145566, 77.01526041292875], [68.27613611473015, 69.29965342255505], [11.986925192486858, 54.90820050383209]]
[[36.90051464618516, 85.40176628811916], [37.24069245223427, 69.71809218851679], [6.622100565991495, 31.29740094148864]]
[[36.19378709366516, 33.51813818039707], [47.81261901276929, 69.13302003246413], [23.703872753029465, 21.9128627156536], [15.893228421658065, 50.67459563530604], [64.14256647161056, 52.94217415411729], [68.10508422886991, 86.18631801460921]]
[[13.720848494916474, 25.870030236716683], [72.16182280687659, 17.24420296994209], [11.99678651597606, 31.198903956135315], [98.95442358267454, 21.89928473215845], [25.181546109421223, 10.44962749644056]]
[[61.94987125599967, 49.037241325586564], [74.51881687282068, 10.264270771469974], [99.51453392051637, 14.183483099695444], [14.376279427838508, 47.92783725460838], [57.451886199019334, 51.95499543298459], [71.8771526740863, 31.40057826682399]]
[[41.15927258492876, 50.50836431005168], [99.72132988330695, 51.62278353871928], [21.464229143782426, 88.72691439532935]]
[[57.344503554643886, 12.613091379375446], [58.227602450132714, 86.43795496764615], [5.478339589679953, 85.7006728535756], [96.0340011345123, 14.383932294739315], [25.017100756131253, 50.23665474215219]]
[[44.72087011382566, 93.61670956263866], [52.65819381891528, 19.182034317932732], [86.86490619167469, 72.67255191468779], [74.58278841949672, 66.66538858844453], [53.68771753102226, 35.72385532614095]]
[[38.20703807108731, 35.31833283431759], [82.61308864979, 32.15267898267288], [61.83115911642091, 86.10840983533286]]
[[57.037106177451264, 93.37229583126961], [94.71988788560026, 70.54358443559283], [53.57324662069328, 97.82495516540706], [58.353296349031375, 46.02611489822142], [31.29438064700795, 2.156776666536669], [40.93818248581745, 89.89438887660015]]
[[51.71824354899133, 39.87716265730227], [57.524724258586815, 22.23936638879445], [13.777548717311202, 98.4281440520735], [11.896733157652225, 16.78230179404717], [58.305280418121825, 25.559434278663232], [36.32539078689908, 21.581985697356775]]
[[19.44203075945287, 47.936591007358494], [35.25169055364181, 91.68774741165504], [31.037062892753884, 34.178513812544224]]
[[75.84187954825647, 71.82515447267275], [46.61377844355714, 83.22363944413623], [10.287845689071208, 89.0291735384358], [35.3716493577561, 85.04913215047753], [14.130047660530682, 70.33223313760274], [25.683886351489686, 63.9731934527253]]
[[60.01637915373553, 54.16164997211062], [85.94638809972363, 21.802598921458703], [70.8465632401116, 52.35660134618549], [41.51124241862727, 39.46650150751182]]
[[86.25887371702106, 48.433976402644355], [62.5913019580285, 61.119363737148056]]
[[35.70046957822171, 39.190565449968], [17.741678116535407, 54.681667268498025]]
[[5.21266455756305, 69.97003222927931], [10.006289084940864, 58.65760075875524]]
[[49.82050826527216, 48.832080730464945], [19.281034507784614, 27.698146229685154], [30.98239832515348, 6.930913494830116], [34.013968546943985, 84.2313548320431], [94.56881875781134, 31.540239765701156], [3.079875674840207, 89.77829347759791]]
[[56.114946324162304, 25.65012747618748], [8.256634189948336, 68.44116050927458]]
[[5.912434429791784, 69.7759430695599], [58.90300012229918, 99.60724069810274], [68.09987540497279, 68.89722414306746], [47.58333900852137, 79.75119637220315]]
[[87.29386487638493, 5.6039578513356405], [18.15892695727326, 64.68533601968892], [17.186311540105073, 58.27085566005699], [2.445673801349978, 7.605026416387659], [51.231807955827406, 78.83930751741052], [38.12600164902619, 2.6111752435328106]]
[[62.06594614286173, 45.69126263287037], [26.752269827551455, 28.323117210863803], [18.731238759006704, 52.35439656897366], [81.51264904910357, 6.352051366920279], [45.1334328900291, 73.39134728579957]]
[[65.52179262789048, 66.25104941366695], [46.68728139493697, 70.87253280889807]]
[[8.538420414356281, 20.97086216521771], [65.3247200662772, 74.1242347639196], [96.7609527132445, 74.88684415882877]]
[[88.22950432280918, 22.530506018132385], [78.09745025845442, 79.66320431255986], [9.601126779049496, 26.472516695684497], [63.77539576706463, 11.092179615243102]]
[[67.64720038225663, 40.91068696354892], [99.12396670592233, 71.87103080494218], [6.288734111632077, 10.854423418650152]]
[[64.75145297156382, 25.143238100832438], [32.67697515887978, 2.423581794167818], [22.746372630536218, 63.623363882149455], [97.97414087881593, 58.65916945770092]]
[[28.056491315666246, 54.369432996973366], [74.77506834199657, 73.34782147239265], [37.8370186389455, 90.64498936151156], [23.592547550915405, 77.3696889156901]]
[[3.766065628280609, 21.767005295686435], [81.86895207264624, 22.909455356010398], [12.929224857507796, 90.28460720653291], [51.33851152595656, 2.7028572513859364]]
[[34.66656567531584, 54.30516074558442], [99.13240230756671, 70.2828159082002]]
[[74.14437916141846, 83.92695860574575], [19.101701993363857, 3.012304511368961], [43.79150352920815, 59.73074320263154], [47.50760996498752, 96.27729440080024], [56.33276467644684, 16.60428760289866], [79.85483944588442, 81.13840688971534]]
[[30.45752182333483, 13.266409094208544], [82.8430621716112, 41.26696932758369], [17.23246225276484, 23.670130195215258], [22.59596656542884, 30.698062714745543], [10.299328062953329, 49.549449867777454]]
[[22.041769430842155, 27.98303411263863], [38.832720509998914, 46.655568688472385], [14.457096180148525, 84.25865578418207]]
[[88.15526218251922, 8.013715319415386], [25.9102186035855, 71.68044863550118]]
[[87.99053029519251, 23.553241328374234], [19.8902924764153, 97.15303642059868], [7.698600941012449, 47.04089328038353], [89.3763513618696, 24.43247427067272], [48.346997129955064, 76.47184096694929], [80.65643391678893, 99.85142960205684]]
[[90.6462120211709, 37.50735223191484], [79.475248375967, 36.742478233505516]]
[[59.780944084299904, 62.23992849873988], [70.00255194022895, 40.45251362673477], [23.518605691776003, 90.19024532880356]]
[[96.18632755590818, 47.44352124736274], [41.8363963175821, 3.900032113693965], [46.570951133521625, 54.59708891232991], [81.58415109349718, 90.17818147046842], [61.9811649411047, 65.79183063661928]]
[[70.2978632474709, 20.90614370506441], [14.338437139872287, 77.82854451253229], [49.08577008676629, 26.679828608297505], [65.09857198054989, 1.0103950747987553], [10.422136156794524, 70.89753800414597]]
[[42.50334205657987, 73.81742566904288], [86.23410273467617, 3.9141109883729817], [29.96485685012539, 81.72416687102978], [51.71593728130988, 22.196317756018193]]
[[29.18405523117494, 80.47419010181537], [82.25806639416675, 12.692172832664523]]
[[55.103662726579316, 9.497812491117472], [80.65702128051045, 44.69933031383542], [74.56070928500803, 26.378655208024277]]
[[9.741634034709383, 70.63603707361264], [76.65507667007599, 12.14049346097079], [69.60875259688349, 50.99661706177505], [57.785445170586804, 31.374717269224195], [22.331443764678948, 80.59329212908762]]
[[62.01407916207404, 97.46652500085327], [70.55894143202302, 87.12471539614366], [27.05905798151092, 36.63232780758104], [24.641298996251553, 89.21432381664222]]
[[14.350890472889944, 86.39319637689694], [79.49728225751655, 32.68609058299076], [72.85707922304148, 74.98504525922539], [12.991428629718031, 79.26845132573467], [34.62650721391029, 32.98597557929833]]
[[23.324899625296197, 5.817791741909739], [86.94642287416515, 60.14490676008201]]
[[15.43886211198871, 62.04725736296152], [98.55301175538987, 81.98954406519127], [51.4813311467799, 25.069299182208653], [87.23467598914428, 44.12704563270436]]
[[76.62023926607257, 28.688096088545663], [19.0185434075729, 32.83836708310264], [72.43837681847734, 25.349546153097773], [19.783074565179042, 32.597055842352816], [81.32307341056618, 43.551090012090874]]
[[93.60751683867545, 91.98739344410781], [64.8897559961616, 69.26172853041086], [6.863537812340235, 93.84464175281235], [11.837359497528803, 45.41928042443305]]
[[96.66025770743549, 13.027663969569634], [27.49091492323263, 11.553554600181565], [17.95678377003344, 12.737842332409235], [83.78083162939578, 51.630359930105804]]
[[28.915453797239003, 4.02065153773566], [62.12960162121977, 74.00360317648791], [50.93538549503426, 53.472552815996195], [75.9452468814401, 25.306846843928835], [73.43332215673252, 99.47507059441214]]
[[23.170026470234262, 97.43570015198074], [87.34537927329961, 6.3590698250217645], [78.41507149330585, 85.23081026573135], [57.5358852457787, 86.37838757996444]]
[[5.777750986522719, 29.362612827961314], [74.85421607764853, 61.978058451759516], [16.01779710518202, 40.95785521701527], [23.873378238734453, 10.381898907373262], [47.0048138397794, 14.69769963734582]]
[[55.35701155937812, 12.012152867881252], [59.85654726027069, 50.02682423891349], [22.186728556042326, 57.34556647688551], [48.0430030256026, 35.991952393381275]]
[[40.529181030366686, 38.506647986793055], [15.425641245336989, 83.22166041019192], [62.40221289452763, 43.96728737017357]]
[[12.582493643549629, 55.26167204930183], [39.44519217429675, 17.88471043534505]]
[[10.774142336623237, 32.103127287095546], [27.37959706474581, 78.66046012118439]]
[[59.02878241962457, 17.28827494477759], [41.20916590977651, 24.755804641631645], [51.13766682399585, 14.916599462908628], [72.6356147951477, 10.554307507571867], [59.705617470127315, 31.600956289512965], [30.538455097008573, 41.62369536640852]]
[[20.460549034868798, 82.12433881931966], [4.922837399942887, 47.50819540336048], [55.25264523980052, 21.6944101107857], [36.045225116580966, 70.0298970851676]]
[[39.77919362772282, 11.374434426663294], [65.81114887879895, 70.49034095135082], [12.089249331138861, 31.493645283597992]]
[[88.24056625148506, 53.721543209233175], [1.8029202080158748, 35.9420478769501], [78.20927193025776, 26.048465805838216], [27.0061587073146, 55.71957503489979], [15.399441065723543, 17.17165833530127], [69.01230513997788, 45.169800452573796]]
[[59.395234196291874, 60.14588129187808], [11.752065891437693, 22.527494866061165], [72.90562429260842, 64.84489077658074]]
[[84.62994155351404, 21.98248903346584], [87.01395868294695, 59.414537109733615]]
[[93.53513170602668, 66.15484764419764], [86.66033707648371, 38.631778662077174], [44.910355925390824, 62.68960068567302], [13.727498223572162, 11.484041057739173], [76.59234517745783, 92.22997924315676]]
[[26.154202619024968, 47.915861048469495], [31.24649764809625, 56.13507082412035], [41.64537314084414, 68.23210496947264], [59.73441835004144, 97.69945618391384], [60.03726492712274, 86.64606989922356]]
[[38.91945778766652, 78.19919753564696], [51.63862451503613, 68.2217915569649], [52.38396288519496, 78.66366399775224], [74.48547530621944, 63.37344658784503]]
[[58.98054036002328, 47.66231650578712], [59.52224592084458, 80.21079542552046], [94.99283785672742, 90.56705859065212], [60.014735357959346, 27.54933395215342], [95.37756129216787, 87.12869315481865]]
[[13.447881095217191, 76.55095416561731], [20.981434453260754, 74.45187140312704], [47.25365504871218, 75.29392433836567], [47.10909983916058, 61.28204559885934]]
[[14.637199247534387, 21.343289587829474], [20.01420097973356, 54.460416285303445], [59.10609823990225, 94.93585665295325], [92.0630556719561, 13.440254279080083]]
[[43.756627742989444, 28.791826209003574], [3.2093055442064182, 90.27260797688888], [91.57005726816422, 55.874504959358816], [57.67153780103287, 21.573160249792753]]
[[32.371504698707895, 63.64181241090652], [56.548508476436396, 73.51817069043318], [65.4288193269393, 85.46958085508781], [68.53617964430421, 78.07768915478752], [24.714184777943238, 78.5349835398291], [81.74144164247784, 81.91238690124288]]
[[31.118025438332673, 32.18993139147569], [97.62477553470686, 47.547314992979615], [35.38931183843583, 42.70796066051316], [82.39907181223553, 22.008022578327996], [74.22875896754556, 96.97070927429512], [64.69978696807897, 21.51908295910036]]
[[20.075631218570287, 68.87666082258927], [56.29274045474077, 38.953020005525765], [65.51293679311122, 50.924471701548306], [62.62737582008026, 27.97647358286351], [35.31635509181011, 81.88290520276799], [27.30934638571628, 52.54440544560754]]
[[91.54427555606534, 91.62581490018212], [4.534698148137569, 3.325648556469348]]
[[1.2929500394957134, 37.17629671654405], [91.70807439057862, 69.51498522240482], [47.00152265191459, 48.144332012732846]]
